398.435	6052.41
400.662	5760.76
402.886	6156.72
405.112	5820.01
407.338	5784.31
409.56	6024.65
411.785	6122.27
414.006	6099.71
416.23	5926.18
418.45	6190.86
420.672	5823.35
422.894	6033.36
425.113	6124.58
427.333	6108.23
429.551	6368.46
431.771	5884.4
433.988	6206.5
436.206	6013.81
438.422	5852.86
440.639	5883.62
442.856	5851.38
445.07	5967.5
447.286	5611.06
449.499	5615
451.713	5722.16
453.925	5855.69
456.139	5761.19
458.35	5591.85
460.562	5646.33
462.772	5751.18
464.984	5639.38
467.193	5736.44
469.403	5734.98
471.611	5819.9
473.82	5772.17
476.027	5757.28
478.235	5580.36
480.441	5454.44
482.648	5798.63
484.852	5558.66
487.058	5795.4
489.262	5623.83
491.467	5781.4
493.669	5661.75
495.873	5875.31
498.075	5753.92
500.278	5828.84
502.478	5957.13
504.678	6224.57
506.879	6044.65
509.078	6224.86
511.278	6061.79
513.476	5908.46
515.675	5977
517.872	5774.16
520.068	5902.35
522.265	6058.45
524.461	5892.31
526.657	5987.17
528.851	6066.19
531.047	6398.84
533.24	5991.27
535.432	5906.69
537.626	6043.69
539.817	5986.05
542.01	6079.42
544.2	6019.39
546.39	6202.42
548.582	5897.95
550.77	5842.33
552.961	5896.44
555.148	6127.61
557.335	5867.3
559.524	5874.63
561.71	6027.69
563.896	5862.75
566.083	5622.36
568.267	5911.15
570.451	5555.3
572.637	5663.82
574.82	5640.68
577.002	5669.33
579.186	5875.91
581.368	5666.15
583.551	5691.07
585.731	6009.36
587.911	5603.55
590.09	5833.63
592.271	5636.52
594.449	5863.53
596.627	5528.23
598.806	5763.99
600.983	5818.99
603.159	5579.9
605.337	5784.88
607.512	5612.46
609.687	5419.72
611.863	5541.1
614.036	5569.64
616.209	5666.83
618.382	5807.07
620.556	5751.92
622.727	5667.14
624.898	5943.33
627.071	5758.89
629.241	5719.42
631.41	5710.11
633.579	5706.96
635.75	5615.77
637.917	5784.84
640.085	5783.2
642.252	5745.71
644.42	5633.17
646.586	5930.17
648.751	5701.81
650.916	5784.74
653.08	5710.23
655.246	5862.36
657.409	5909.55
659.572	5970.09
661.734	5951.46
663.898	5993.17
666.059	5857.98
668.22	6228.09
670.38	5847.46
672.539	6098.94
674.7	5845.14
676.859	5991.91
679.017	5910.74
681.175	5948.6
683.332	5862.72
685.49	5655.75
687.646	5864.39
689.802	5915.44
691.957	6009.13
694.111	5927.57
696.265	5973.35
698.421	5839.88
700.574	6102.45
702.726	6252.99
704.878	6038.54
707.029	6029.9
709.18	6119.47
711.331	6024.49
713.483	6183.35
715.632	6044.57
717.781	6274.42
719.929	6398.17
722.077	6420.3
724.224	6525.99
726.371	6302.81
728.517	6173.1
730.665	6099.81
732.81	6114.09
734.955	6236.5
737.099	6140.1
739.243	6186.83
741.386	6316.32
743.529	6276.67
745.671	6196.3
747.813	6111.49
749.954	6175.75
752.095	6559.95
754.235	6221.99
756.377	6459.31
758.516	6475.4
760.655	6631.28
762.793	6494.69
764.931	6380.06
767.068	6472.06
769.204	6613.63
771.34	6748.77
773.476	7091.51
775.611	7347.32
777.746	7529.07
779.88	7461.16
782.014	7683.26
784.147	7537.05
786.279	7389.06
788.411	6959.94
790.543	6837.9
792.674	6849.05
794.805	6733.48
796.935	6799.82
799.064	6928.05
801.193	6923.95
803.322	6906.33
805.45	6750.15
807.578	6973.84
809.705	6886.51
811.831	7047.12
813.957	7105.57
816.083	6932.67
818.208	6972.8
820.332	7150.98
822.456	7072.33
824.58	7059.84
826.703	7037.24
828.825	6933.87
830.947	6874.8
833.069	6957.84
835.19	7025.45
837.311	6923.42
839.431	6685.21
841.55	7091.69
843.667	6944.86
845.786	6935.08
847.904	6996.13
850.021	7039.24
852.138	6887.42
854.255	6785.08
856.371	6660.79
858.486	6934.3
860.601	6886.56
862.716	6508.53
864.83	6670.52
866.942	6607.23
869.055	6723.47
871.167	6832.15
873.279	6683.23
875.391	6984.43
877.502	6691.88
879.612	7136.08
881.722	6692.51
883.83	6858.6
885.939	6815.17
888.048	6859.84
890.156	7061.09
892.263	7104.79
894.37	6958.06
896.477	6869.37
898.581	7109.59
900.687	7218.77
902.792	7005.25
904.896	7204.65
907	7215.25
909.104	7203.11
911.205	7169.25
913.308	7104.13
915.41	6935.87
917.512	6917.29
919.613	6840.48
921.711	7091.21
923.812	7025.79
925.911	7072.63
928.01	6928.4
930.109	6903.53
932.205	6973.51
934.303	6724.52
936.4	6904.94
938.497	7078.23
940.591	6747.23
942.687	6720.06
944.782	6832.88
946.877	6666.69
948.971	6748.51
951.063	6549.62
953.156	6697.08
955.249	6784.02
957.341	7024.7
959.431	6774.45
961.522	6570.56
963.613	6992.16
965.701	6934.2
967.791	6968.52
969.881	6898.3
971.969	6734.53
974.056	7004.7
976.144	6900.32
978.231	6799.54
980.316	6938.3
982.403	6905.84
984.488	7104.93
986.574	7234.73
988.657	7141.55
990.741	7273.42
992.825	7362.75
994.907	7407.34
996.99	7585.4
999.072	8050.01
1001.15	8332.17
1003.23	8320.57
1005.31	7820.78
1007.39	7841.7
1009.47	7463.3
1011.55	7195.27
1013.63	7156.38
1015.71	7528.44
1017.79	7050.5
1019.86	7257.89
1021.94	7126.91
1024.01	7399.64
1026.09	7227.42
1028.17	7493.51
1030.24	7579.96
1032.31	7495.74
1034.39	7414.74
1036.46	7265.46
1038.53	7231.72
1040.6	7330.8
1042.68	7497.98
1044.75	7218.98
1046.82	7253.85
1048.89	7469.49
1050.96	7417.63
1053.03	7439.25
1055.1	7595.28
1057.16	7562.8
1059.23	7671.69
1061.3	7446.65
1063.37	7412.19
1065.43	7573.06
1067.5	7425.39
1069.56	7722.86
1071.63	7768.38
1073.69	7691.21
1075.76	7814.29
1077.82	7896.14
1079.88	7669.09
1081.94	8107.18
1084	7914.44
1086.07	7916.31
1088.13	8036.68
1090.19	8089.83
1092.25	7870.45
1094.31	8080.88
1096.36	8190.68
1098.42	7960.36
1100.48	8128.22
1102.54	8044.44
1104.6	8211.57
1106.65	7831.24
1108.71	7800.33
1110.76	7813.2
1112.82	7888.55
1114.87	7501.24
1116.93	7611.12
1118.98	7463.48
1121.03	7707.53
1123.09	7800.03
1125.14	7620.95
1127.19	7634.83
1129.24	7508.25
1131.29	7498.29
1133.34	7250.46
1135.39	7289.67
1137.44	7054.49
1139.49	7116.82
1141.54	7006.96
1143.59	6853.38
1145.63	7140.81
1147.68	6861.05
1149.73	7034.2
1151.77	6807.32
1153.82	7098.99
1155.86	7085.85
1157.91	6897.84
1159.95	7036.29
1161.99	6860.63
1164.04	6952.77
1166.08	6736.56
1168.12	6875.83
1170.16	6885.64
1172.2	6886.03
1174.24	6833
1176.28	6960.57
1178.32	6978.41
1180.36	6761.38
1182.4	6752.98
1184.44	6724.31
1186.48	6788.84
1188.51	6553.82
1190.55	6490.84
1192.59	6493.82
1194.62	6766.46
1196.66	6985.14
1198.69	7217.25
1200.73	7053.66
1202.76	7274.29
1204.79	7141.43
1206.83	7443.99
1208.86	7371.48
1210.89	7190.01
1212.92	7168.13
1214.95	7523.19
1216.98	7376.88
1219.01	7390.26
1221.04	7660.51
1223.07	7790.22
1225.1	7978.65
1227.13	7973.94
1229.16	8206.4
1231.18	8127.66
1233.21	8001.76
1235.24	8142.7
1237.26	8176.4
1239.29	8428.29
1241.31	8413.24
1243.34	8176.73
1245.36	8410.62
1247.38	8067.77
1249.41	8449.72
1251.43	8439.01
1253.45	8381.66
1255.47	8156.09
1257.49	8079.07
1259.51	8363.76
1261.53	8240.39
1263.55	8198.35
1265.57	8005.22
1267.59	8044.62
1269.61	8038.76
1271.63	7891.11
1273.64	7820.91
1275.66	7868.08
1277.68	8079
1279.69	8082.91
1281.71	8054.23
1283.72	8014.24
1285.74	8180.46
1287.75	7931.38
1289.77	8140.53
1291.78	8083.16
1293.79	8538.59
1295.8	8420.34
1297.81	8385.81
1299.83	8431.47
1301.84	8706.87
1303.85	8703.04
1305.86	8557.34
1307.86	8778.45
1309.87	8768.46
1311.88	8991.31
1313.89	8869.41
1315.9	8975.77
1317.9	8959.91
1319.91	9136.56
1321.92	8732.08
1323.92	8920.51
1325.93	9058.13
1327.93	8853.22
1329.94	8996.61
1331.94	9317.47
1333.94	9255.36
1335.94	8932.14
1337.95	9068.52
1339.95	8813.4
1341.95	8803.38
1343.95	8706.19
1345.95	8207.14
1347.95	8248.93
1349.95	8373.02
1351.95	7962.47
1353.95	8131.02
1355.95	7832.01
1357.94	7945.73
1359.94	8234.06
1361.94	7968.89
1363.93	8077
1365.93	8268.47
1367.92	8084.79
1369.92	7857.31
1371.91	7918.82
1373.91	8043.13
1375.9	8164.33
1377.89	8040.73
1379.89	7835.89
1381.88	7914.84
1383.87	7540.92
1385.86	7578.06
1387.85	7590.98
1389.84	7553.2
1391.83	7394.64
1393.82	7525.67
1395.81	7390.62
1397.8	7407.3
1399.79	7201.4
1401.77	7260.59
1403.76	7279.3
1405.75	7122.54
1407.73	7374.86
1409.72	7265.51
1411.7	7121.49
1413.69	7207.66
1415.67	7236.24
1417.66	7267.9
1419.64	7263.98
1421.62	7286.28
1423.6	7325.43
1425.59	7263.06
1427.57	7374.69
1429.55	7197.55
1431.53	7308.16
1433.51	7614.26
1435.49	7618.05
1437.47	7766.11
1439.45	8268.28
1441.42	8369.35
1443.4	8579.27
1445.38	8793.52
1447.36	8906.64
1449.33	8952.76
1451.31	8855.79
1453.28	8818.21
1455.26	8594.53
1457.23	9021.95
1459.21	8748.1
1461.18	8521.62
1463.15	8561.46
1465.13	8247.9
1467.1	8021.63
1469.07	8180.79
1471.04	8122.4
1473.01	7717.17
1474.98	7753.71
1476.95	7912.64
1478.92	7903.67
1480.89	7783.64
1482.86	8005.57
1484.83	7504.86
1486.8	7598.18
1488.76	7192.22
1490.73	6865.24
1492.7	6955.5
1494.66	6765.46
1496.63	6706.51
1498.59	6373.21
1500.56	6438.14
1502.52	6417.31
1504.49	6247.59
1506.45	6469.96
1508.41	6236.08
1510.37	6224.64
1512.34	6173.42
1514.3	6316.41
1516.26	6060.38
1518.22	6158.85
1520.18	6160.13
1522.14	5979.35
1524.1	6067.5
1526.06	6027.71
1528.01	6031.73
1529.97	5987.47
1531.93	6095.62
1533.89	6174.26
1535.84	6103.08
1537.8	6179.19
1539.75	6294.3
1541.71	6197.72
1543.66	6026.63
1545.62	6101.27
1547.57	6156.28
1549.52	6251.08
1551.48	6145.27
1553.43	6370.35
1555.38	6297.41
1557.33	6374.13
1559.28	6418.78
1561.23	6322.03
1563.18	6542.6
1565.13	6824.87
1567.08	6957.91
1569.03	6993.36
1570.98	7383.52
1572.93	7250.89
1574.87	7286.57
1576.82	7438.55
1578.77	7219.18
1580.71	7012.69
1582.66	6996.97
1584.6	6638.19
1586.55	6815.82
1588.5	6797.46
1590.44	6468.83
1592.38	6634.51
1594.32	6321.15
1596.27	6560.59
1598.21	6543.03
1600.15	6594.04
1602.09	6442.34
1604.03	6911.5
1605.97	6998.52
1607.91	6836.45
1609.85	6749.1
1611.79	6741.84
1613.73	6756.2
1615.67	6956.15
1617.61	6732.91
1619.54	6939.97
1621.48	6896.29
1623.41	6982.61
1625.35	6898.46
1627.29	6785.74
1629.22	6536.84
1631.16	7074.54
1633.09	7044.19
1635.02	7071.29
1636.96	7249.9
1638.89	7363.61
1640.82	7466.84
1642.75	7690.39
1644.69	7667.87
1646.62	7868.98
1648.55	7928.37
1650.48	7992.88
1652.41	8080.77
1654.34	8346.1
1656.27	7869.95
1658.19	7833.89
1660.12	8046.38
1662.05	8020.81
1663.97	8021.59
1665.9	7883.86
1667.83	7960.58
1669.75	8063.72
1671.68	8043.57
1673.6	7881.5
1675.53	7468.41
1677.45	7503.49
1679.38	7620.15
1681.3	7448.02
1683.22	7187.74
1685.14	7184.92
1687.06	7082.74
1688.99	7176.97
1690.91	6935.73
1692.83	6848.81
1694.75	6679.51
1696.67	6413.64
1698.59	6475.15
1700.5	6057.52
1702.42	6284.93
1704.34	6193.62
1706.26	5876.38
1708.17	5962.6
1710.09	5961.47
1712.01	6066.65
1713.92	5618.92
1715.84	5824.58
1717.75	5711.7
1719.67	5820.23
1721.58	5744.06
1723.49	5662.72
1725.41	5554.72
1727.32	5659.56
1729.23	5474.2
1731.14	5553.66
1733.05	5633.01
1734.97	5312.5
1736.88	5604
1738.79	5406.81
1740.69	5534.53
1742.6	5383.18
1744.51	5548.98
1746.42	5468.2
1748.33	5407.63
1750.24	5629.85
1752.14	5513.22
1754.05	5487.74
1755.95	5563.92
1757.86	5429
1759.77	5360.63
1761.67	5320.7
1763.57	5293.7
1765.48	5539.26
1767.38	5608.73
1769.29	5445.9
1771.19	5461.17
1773.09	5423.47
1774.99	5299.65
1776.89	5414.09
1778.79	5295.18
1780.69	5184.26
1782.59	5249.56
1784.49	5325.72
1786.39	5345.54
1788.29	5308.46
1790.19	5330.64
1792.09	5327.94
1793.98	5282.86
1795.88	5346.15
1797.78	5332.21
1799.67	5438.87
1801.57	5538.02
1803.47	5327.24
1805.36	5373.96
1807.25	5089.22
1809.15	5229.56
1811.04	5507.59
1812.94	5213.32
1814.83	5271.35
1816.72	5517.93
1818.61	5310.42
1820.5	5299.08
1822.39	5344.59
1824.28	5361.69
1826.18	5217.3
1828.07	5554.93
1829.95	5233.65
1831.84	5349.86
1833.73	5342.87
1835.62	5264.26
1837.51	5294.42
1839.39	5235.61
1841.28	5190.31
1843.17	5389.63
1845.05	5159.65
1846.94	5348.35
1848.82	5278.19
1850.71	5170.44
1852.59	5305.82
1854.47	5252.89
1856.36	5069.17
1858.24	5177.75
1860.12	5031.02
1862	5209.49
1863.89	5381.6
1865.77	5296
1867.65	5396.54
1869.53	5280.33
1871.41	5411.91
1873.29	5358.38
1875.17	5409.91
1877.04	5459.81
1878.92	5493.2
1880.8	5296.15
1882.68	5393.13
1884.55	5326.83
1886.43	5230.55
1888.31	5313.87
1890.18	5195.1
1892.06	5212.15
1893.93	5177.61
1895.81	5274.15
1897.68	5174.51
1899.56	5293.43
1901.43	5330.2
1903.3	5589.65
1905.17	5246.01
1907.05	5205.75
1908.92	5328.99
1910.79	5535.42
1912.66	5415.18
1914.53	5317.43
1916.4	5342.25
1918.27	5412.05
1920.14	5219.59
1922	5372.06
1923.87	5142.23
1925.74	5390.12
1927.61	5441.25
1929.47	5344.21
1931.34	5319.64
1933.21	5523.3
1935.07	5220.1
1936.94	5330.95
1938.8	5211.95
1940.66	5254.11
1942.53	5403.04
1944.39	5440.4
1946.26	5308.69
1948.12	5422.59
1949.98	5285.57
1951.84	5345.94
1953.7	5224.05
1955.56	5244.98
1957.42	5332.68
1959.29	5543.64
1961.14	5548.05
1963	5277.88
1964.86	5310.19
1966.72	5139.71
1968.58	5495.41
1970.44	5389.8
1972.29	5411.76
1974.15	5334.79
1976.01	5596.9
1977.86	5367.28
1979.72	5242.3
1981.57	5292.18
1983.43	5269.51
1985.28	5512.89
1987.13	5483.72
1988.99	5485.8
1990.84	5519.57
1992.69	5469.44
1994.55	5284.57
1996.4	5454.17
1998.25	5138.44
2000.1	5370.68
2001.95	5345
2003.8	5389.68
2005.65	5265.17
2007.5	5411.06
2009.35	5267.5
2011.2	5257.49
2013.04	5387.34
2014.89	5533.78
2016.74	5393.37
2018.59	5372.55
2020.43	5511.7
2022.28	5248.81
2024.12	5339.13
2025.97	5330.74
2027.81	5419.63
2029.66	5288.25
2031.5	5336.39
2033.34	5281.03
2035.19	5383.55
2037.03	5501.84
2038.87	5379.91
2040.71	5422.49
2042.56	5542.46
2044.4	5339.84
2046.24	5289.44
2048.08	5624.67
2049.92	5491.68
2051.76	5269.57
2053.6	5545.87
2055.43	5601.71
2057.27	5427.43
2059.11	5480.15
2060.95	5748.25
2062.78	5630.91
2064.62	5443.11
2066.46	5635.69
2068.29	5600.44
2070.13	5508.06
2071.96	5390.47
2073.8	5435.04
2075.63	5790.48
2077.46	5598.31
2079.3	5664.7
2081.13	5702.96
2082.96	5636.86
2084.79	5609.73
2086.63	5611.89
2088.46	5474.55
2090.29	5771.58
2092.12	5694.65
2093.95	5592.62
2095.78	5755.3
2097.61	5558.4
2099.43	5631.48
2101.26	5865.52
2103.09	5887.62
2104.92	5597.52
2106.74	6003.06
2108.57	5877.09
2110.4	5821.99
2112.22	5855.11
2114.05	5883.95
2115.87	5965.91
2117.7	5985.37
2119.52	5977.56
2121.35	6123.54
2123.17	6124.06
2124.99	6138.94
2126.82	5876.28
2128.64	6309.72
2130.46	6345.29
2132.28	6369.77
2134.1	6403.63
2135.92	6657.03
2137.74	6503.98
2139.56	6448.38
2141.38	6314.46
2143.2	6620.6
2145.02	6473.66
2146.84	6714.19
2148.65	6957.38
2150.47	6354.18
2152.29	6581.58
2154.1	6651.49
2155.92	6768.56
2157.74	6731.88
2159.55	6781.9
2161.37	6488
2163.18	6569.67
2164.99	6728.65
2166.81	6699.41
2168.62	6540.85
2170.43	6573.11
2172.25	6759.25
2174.06	6515.5
2175.87	6661.96
2177.68	6686.87
2179.49	6557.66
2181.3	6564.87
2183.11	6584.86
2184.92	6601.94
2186.73	6631.26
2188.54	6591.1
2190.35	6670.36
2192.16	6520.41
2193.97	6589.98
2195.77	6506
2197.58	6628.65
2199.39	6516.01
2201.19	6534.84
2203	6418.52
2204.8	6216.38
2206.61	6133.49
2208.41	6418.94
2210.22	6326.31
2212.02	6199.39
2213.82	6359.93
2215.63	5975.71
2217.43	5969.35
2219.23	6289.2
2221.03	6151.43
2222.83	5967.74
2224.63	5898.6
2226.43	6066.31
2228.23	5902.15
2230.03	5955.39
2231.83	5975.66
2233.63	5937.32
2235.43	5898.68
2237.23	6088.54
2239.03	5927.93
2240.82	5884.05
2242.62	5841.54
2244.42	5947.27
2246.21	5883.56
2248.01	5664.91
2249.8	5550.36
2251.6	5727.23
2253.39	5737.34
2255.19	5650.26
2256.98	5647.33
2258.78	5743.78
2260.57	5703.73
2262.36	5440.21
2264.15	5533.73
2265.94	5807.96
2267.74	5640.76
2269.53	5516.35
2271.32	5688.19
2273.11	5652.95
2274.9	5464.74
2276.69	5425.73
2278.47	5777.84
2280.26	5629.94
2282.05	5592.95
2283.84	5607.45
2285.63	5721.02
2287.41	5598.53
2289.2	5503.35
2290.99	5456.11
2292.77	5510.67
2294.56	5639.96
2296.34	5449.58
2298.13	5386.1
2299.91	5527.83
2301.7	5320.3
2303.48	5614.26
2305.26	5644.96
2307.04	5613.43
2308.83	5436.94
2310.61	5389.69
2312.39	5456.44
2314.17	5447.23
2315.95	5635.86
2317.73	5424.66
2319.51	5475.24
2321.29	5669.7
2323.07	5344.11
2324.85	5624.45
2326.63	5599.38
2328.4	5639.89
2330.18	5520.06
2331.96	5643.37
2333.74	5348.84
2335.51	5447.84
2337.29	5502.42
2339.07	5683.19
2340.84	5650.37
2342.61	5601.86
2344.39	5758.38
2346.16	5538.06
2347.94	5419.31
2349.71	5601.22
2351.48	5519.23
2353.26	5502.11
2355.03	5694.85
2356.8	5690.24
2358.57	5254.44
2360.34	5544.83
2362.11	5530.79
2363.88	5553.37
2365.65	5736.51
2367.42	5404.17
2369.19	5639.81
2370.96	5501.35
2372.73	5577.63
2374.49	5578.43
2376.26	5497.63
2378.03	5415.45
2379.8	5682.22
2381.56	5566.17
2383.33	5717.38
2385.09	5404.54
2386.86	5631.95
2388.62	5571.41
2390.39	5467.72
2392.15	5841.56
2393.91	5364.73
2395.68	5615.55
2397.44	5642.37
2399.2	5635.92
2400.96	5556.72
2402.73	5650.19
2404.49	5555.79
2406.25	5581.87
2408.01	5537.33
2409.77	5654.44
2411.53	5826.82
2413.29	5501.5
2415.05	5514.41
2416.81	5587.92
2418.56	5823.69
2420.32	5643.89
2422.08	5620.73
2423.84	5610.69
2425.59	5648.92
2427.35	5597.33
2429.1	5661.13
2430.86	5589.61
2432.61	5687.26
2434.37	5650
2436.12	5480.96
2437.88	5732.13
2439.63	5658.15
2441.38	5610.21
2443.14	5530.03
2444.89	5534.6
2446.64	5632.82
2448.39	5708.75
2450.14	5980.17
2451.9	5726.81
2453.65	5765.53
2455.4	5650.66
2457.15	5639.98
2458.89	5690.01
2460.64	5744.84
2462.39	5705.58
2464.14	5597.35
2465.89	5659.74
2467.64	5716.5
2469.38	5712.48
2471.13	5831.85
2472.88	5776.27
2474.62	5706.81
2476.37	5754.09
2478.11	5781.85
2479.86	5617.58
2481.6	5771.1
2483.34	5697.54
2485.09	5822.08
2486.83	5689.37
2488.58	5836.44
2490.32	5717.68
2492.06	5603.68
2493.8	5627.04
2495.54	5781.92
2497.28	5820.31
2499.02	5702.84
2500.76	5702.76
2502.5	5655.26
2504.24	5663.67
2505.98	5721.49
2507.72	5665.25
2509.46	5663.7
2511.2	5752.52
2512.94	5596.81
2514.67	5694.67
2516.41	5731.17
2518.15	5810.45
2519.88	5681.43
2521.62	5623.77
2523.35	5663.83
2525.09	5744.79
2526.82	5834.39
2528.56	5590.07
2530.29	5599.83
2532.02	5689.15
2533.76	5533.31
2535.49	5583.65
2537.22	5715.33
2538.95	5963.2
2540.69	5562.37
2542.42	5667.47
2544.15	5514.03
2545.88	5700.67
2547.61	5680.91
2549.34	5886.67
2551.07	5579.67
2552.79	5715.9
2554.52	5603.74
2556.25	5713.27
2557.98	5646.96
2559.71	5662.7
2561.43	5835.5
2563.16	5774.31
2564.89	5675.54
2566.61	5790.58
2568.34	5734.84
2570.06	5580.25
2571.79	5684.89
2573.51	5648.13
2575.24	5771.78
2576.96	5531.67
2578.68	5766.02
2580.41	5763.39
2582.13	5665.44
2583.85	5637.07
2585.57	5757.6
2587.29	5815.66
2589.01	5645.22
2590.74	5750.61
2592.46	5757.87
2594.18	5763.45
2595.89	5756.19
2597.62	5744.81
2599.33	5583.85
2601.05	5843.76
2602.77	5686.7
2604.49	5783.94
2606.21	5877.42
2607.92	5719.3
2609.64	5668.41
2611.35	5607.17
2613.07	5728.53
2614.79	5824.08
2616.5	5832.32
2618.22	5732.27
2619.93	5733.77
2621.64	5924.75
2623.36	5647.44
2625.07	5906.83
2626.78	5706.1
2628.5	5687.37
2630.21	5998.83
2631.92	5809.34
2633.63	5818.63
2635.34	6067.74
2637.05	5860.79
2638.76	5832.88
2640.47	5844.83
2642.18	5948.99
2643.89	5936.22
2645.6	5651.2
2647.31	5890.35
2649.02	5854.19
2650.73	5928.36
2652.43	5853.21
2654.14	5811.14
2655.85	5980.68
2657.55	6018.86
2659.26	5959.78
2660.96	5710.13
2662.67	5684.34
2664.37	5762.36
2666.08	5942.11
2667.78	5977.47
2669.48	5950.42
2671.19	5870.37
2672.89	5889.4
2674.59	5978.3
2676.3	5988.2
2678	5714.26
2679.7	5784.08
2681.4	5961.75
2683.1	5827.81
2684.8	5869.17
2686.5	6047.97
2688.2	6023.75
2689.9	5836.03
2691.6	5875.82
2693.3	5964.12
2694.99	5840.64
2696.69	5792.76
2698.39	5958.07
2700.09	6025.28
2701.78	5866.14
2703.48	6049.66
2705.18	5940.95
2706.87	5945.61
2708.57	6110.69
2710.26	5943.38
2711.96	6187.78
2713.65	5966.67
2715.35	6249.73
2717.04	6053.48
2718.73	6062.88
2720.42	6238.52
2722.12	6010.23
2723.81	6252.54
2725.5	6117.55
2727.19	6320.22
2728.88	6290.77
2730.57	6412.8
2732.26	6406.18
2733.95	6245.02
2735.64	6353.84
2737.33	6424.18
2739.02	6146.94
2740.71	6400.06
2742.4	6244.01
2744.08	6117.62
2745.77	6359.43
2747.46	6274.5
2749.14	5978.88
2750.83	6082.4
2752.51	6257.49
2754.2	6099.86
2755.89	6223.29
2757.57	6191.15
2759.26	6158.08
2760.94	6132.17
2762.62	6244.52
2764.31	6084.48
2765.99	6181.91
2767.67	6128.96
2769.35	6280.66
2771.03	6105.15
2772.72	6140.9
2774.4	6260.01
2776.08	5984.07
2777.76	6247.62
2779.44	6173.61
2781.12	6083.89
2782.8	6033.61
2784.48	6014.08
2786.16	6003.94
2787.83	6159.27
2789.51	6061.66
2791.19	5999.43
2792.86	6122.73
2794.54	6024.54
2796.22	6157.41
2797.89	6218.46
2799.57	6086.05
2801.25	6140.92
2802.92	6208.37
2804.6	6370.03
2806.27	6056.17
2807.94	6176.5
2809.62	6218.22
2811.29	6352.22
2812.96	6379.42
2814.64	6482.86
2816.31	6461.81
2817.98	6431.62
2819.65	6423.81
2821.32	6270.06
2822.99	6319.61
2824.66	6212.63
2826.33	6339.61
2828	6572.95
2829.67	6613.52
2831.34	6721.04
2833.01	6687.01
2834.68	6622.92
2836.35	6680.04
2838.01	6951.51
2839.68	6977.65
2841.35	7246.77
2843.01	7489.15
2844.68	7370.15
2846.34	7858.51
2848.01	8089.47
2849.67	8310.17
2851.34	8712.23
2853	8739.66
2854.67	8834.25
2856.33	9294.89
2857.99	9227.61
2859.66	9428.25
2861.32	9570.82
2862.98	9820.06
2864.64	10036.2
2866.3	10193.3
2867.97	10735.6
2869.63	10835.8
2871.29	11083.9
2872.95	11736.6
2874.61	11668.6
2876.27	11999.4
2877.93	11946.2
2879.58	12228.3
2881.24	12438.2
2882.9	12359.7
2884.56	12434.4
2886.22	12069.1
2887.87	12438.7
2889.53	12561.8
2891.18	12682
2892.84	12772.2
2894.5	12830.1
2896.15	12996.1
2897.81	13085.2
2899.46	13003.4
2901.11	13033.9
2902.77	13267.3
2904.42	13251.4
2906.07	13301.9
2907.73	13530.9
2909.38	13970.5
2911.03	14392
2912.68	14525.3
2914.33	14653.2
2915.99	15088.1
2917.64	15168.9
2919.28	15314.3
2920.94	15629.1
2922.58	15943.9
2924.23	16059.3
2925.88	16465.8
2927.53	16517.2
2929.18	16739.5
2930.83	17153.5
2932.47	16970.8
2934.12	17369.3
2935.77	17553
2937.41	17321.6
2939.06	17454.2
2940.71	16955.8
2942.35	16968.5
2944	16596.5
2945.64	16383.9
2947.28	15820.8
2948.93	15865.9
2950.57	15227.7
2952.22	14481.5
2953.86	14586.4
2955.5	14366.3
2957.14	14477.5
2958.78	13926.9
2960.43	14164.3
2962.07	13949.7
2963.71	13414.7
2965.35	13589.5
2966.99	13237.5
2968.63	13063.6
2970.27	12967.6
2971.91	12581
2973.54	12728.2
2975.18	12588.3
2976.82	12309.9
2978.46	12038.4
2980.1	12017.3
2981.73	11561.6
2983.37	11605.1
2985.01	11210.6
2986.64	10997.2
2988.28	11012
2989.91	10827.7
2991.55	10505.6
2993.18	10289.4
2994.82	10314.8
2996.45	9921.35
2998.08	9720.85
2999.72	9686.8
3001.35	9254.83
3002.98	9090.47
3004.61	8865.65
3006.25	8713.11
3007.88	8406.02
3009.51	8132.13
3011.14	8212.47
3012.77	8040.31
3014.4	7951.88
3016.03	7821.44
3017.66	7594.32
3019.29	7385.78
3020.92	7447.35
3022.54	7182.26
3024.17	7302.64
3025.8	7404.72
3027.43	7130.86
3029.05	7089.72
3030.68	6819.2
3032.31	6945.05
3033.93	7218.47
3035.56	7027.33
3037.18	6952.4
3038.81	7084.78
3040.43	7023.7
3042.06	7065.2
3043.68	7029.32
3045.3	7147.14
3046.93	7067.5
3048.55	6933.57
3050.17	7063.7
3051.8	7005.73
3053.42	7247.04
3055.04	7269.21
3056.66	7289.33
3058.28	7302.87
3059.9	7037.98
3061.52	7544.25
3063.14	7299.56
3064.76	7415.44
3066.38	7270.75
3068	7330.33
3069.62	7153.75
3071.23	7079.88
3072.85	6953.12
3074.47	6851.15
3076.09	6806.04
3077.7	6845.11
3079.32	6805.45
3080.93	6645.04
3082.55	6637.5
3084.17	6790.85
3085.78	6633.61
3087.4	6665.47
3089.01	6677.92
3090.62	6410.33
3092.24	6533.2
3093.85	6691.75
3095.46	6720.63
3097.08	6697.55
3098.69	6605.06
3100.3	6473.14
3101.91	6472.97
3103.52	6348.86
3105.13	6653.13
3106.74	6570.58
3108.36	6411.78
3109.97	6683.9
3111.57	6689.89
3113.18	6594.48
3114.79	6548.97
3116.4	6714.3
3118.01	6409.96
3119.62	6576.7
3121.23	6759.46
3122.83	6498.65
3124.44	6612.77
3126.05	6562.54
3127.65	6666.87
3129.26	6718.44
3130.86	6705.14
3132.47	6749.92
3134.07	6656.67
3135.68	6781.81
3137.28	6617.36
3138.89	6667.57
3140.49	6438.9
3142.09	6802.89
3143.69	6355.42
3145.3	6527.85
3146.9	6676.27
3148.5	6489.21
3150.1	6431.44
3151.71	6657.09
3153.3	6645.3
3154.91	6458.79
3156.51	6665.84
3158.11	6676.94
3159.71	6651.42
3161.3	6634.96
3162.9	6744.81
3164.5	6589.33
3166.1	6608.62
3167.7	6547.64
3169.29	6628.51
3170.89	6412.76
3172.49	6547.92
3174.09	6580.89
3175.68	6488.49
3177.28	6571.47
3178.87	6651.21
3180.47	6729.49
3182.06	6796.25
3183.66	6652.06
3185.25	6622.42
3186.85	6786.81
3188.44	6682.44
3190.03	6556.28
3191.62	6558.35
3193.22	6518.39
3194.81	6804.33
3196.4	6927.65
3197.99	6660.21
3199.58	6738.48
3201.17	6900.6
3202.77	6814.65
3204.35	7002.8
3205.95	6822.45
3207.53	6787.66
3209.12	6614.72
3210.71	6841.71
3212.3	6683.05
3213.89	6832.59
3215.48	6645.98
3217.06	6755.43
3218.65	6591.12
3220.24	6947.66
3221.82	6784.68
3223.41	7086.47
3225	6857.14
3226.58	6725.33
3228.17	6773.23
3229.75	6894.48
3231.34	6847.35
3232.92	6881.56
3234.51	6985.86
3236.09	6710.88
3237.67	6854.48
3239.25	6844.18
3240.84	6939.78
3242.42	6902.57
3244	7002.52
3245.58	6799
3247.16	7017.15
3248.74	6944.39
3250.33	6853.04
3251.9	7066.56
3253.49	7114.92
3255.06	6944.88
3256.64	7003.15
3258.22	7079.97
3259.8	7055.26
3261.38	7242.4
3262.96	7141.48
3264.54	6856.86
3266.11	6932.86
3267.69	7268.13
3269.27	7131.39
3270.84	7097.23
3272.42	7185.22
3273.99	7236.01
3275.57	7092.05
3277.14	7180.94
3278.72	7287.3
3280.29	7325.45
3281.87	7163.89
3283.44	7275.52
3285.01	7401.43
3286.59	7234.14
3288.16	7165.8
3289.73	7364.04
3291.3	7299.72
3292.88	7257.55
3294.45	7145.51
3296.02	7250.94
3297.59	7180.19
3299.16	7272.26
3300.73	7210.07
3302.3	7250.61
3303.87	7195.37
3305.44	7238.06
3307.01	7212.32
3308.58	7277.67
3310.14	7132.4
3311.71	7308.32
3313.28	7190.47
3314.85	7192.56
3316.41	7365.05
3317.98	7167.49
3319.55	7371.59
3321.11	7239.85
3322.68	7322.39
3324.24	7325.85
3325.81	7108.67
3327.37	7149.98
3328.94	7127.96
3330.5	7338.33
3332.06	7207.11
3333.63	7300.11
3335.19	7361.49
3336.75	7281.4
3338.31	7170.28
3339.88	7413.12
3341.44	7331.95
3343	7178.5
3344.56	7466.87
