380.329	3834.66
382.56	3819.54
384.791	4056.43
387.019	3869.24
389.249	3873.3
391.476	3919.81
393.705	3947.16
395.933	4081.42
398.158	3968.69
400.385	4094.71
402.61	3868.98
404.836	3853.95
407.061	3947.35
409.284	3792.18
411.508	3873.75
413.73	3857.65
415.953	3924.72
418.174	3914.66
420.396	3879.94
422.616	3863.28
424.837	3652.94
427.057	3814.56
429.275	3818.77
431.495	3816.12
433.712	3730.89
435.93	3988.75
438.146	3761.49
440.363	3730.97
442.578	3890.04
444.794	3694.71
447.008	3926.54
449.223	3635.45
451.436	3912.48
453.65	3919.29
455.862	3821.59
458.075	3646.49
460.287	3626.83
462.497	3742.02
464.709	3791.15
466.918	3806.39
469.126	3799.16
471.336	3742.98
473.543	3928.17
475.752	3764.04
477.958	3536.59
480.166	3657.07
482.371	3934.12
484.578	3494.71
486.782	3669.8
488.988	3800.89
491.191	3594.25
493.395	4033.07
495.597	3861.95
497.801	3879.79
500.002	3976.26
502.202	3897.91
504.404	3889.29
506.604	3879.36
508.804	3695.43
511.003	3690.26
513.202	3767.33
515.4	3935.77
517.598	3988.86
519.795	3863.42
521.99	3699.88
524.187	3604.63
526.382	3980.39
528.578	4016.76
530.772	4022.45
532.965	3770.27
535.159	3811.49
537.351	3828.42
539.545	3961.8
541.736	4038.84
543.926	3755.1
546.118	3956.77
548.307	3684.35
550.496	3757.65
552.686	3777.16
554.874	3935.79
557.063	3816.2
559.25	4088.62
561.436	3829.33
563.624	3876.81
565.809	3745.41
567.994	3829.12
570.18	3894.97
572.363	3835.44
574.546	3776.09
576.731	3770.63
578.913	3902.15
581.094	3782.71
583.277	3813.9
585.458	3568.68
587.638	3935.57
589.819	3751.88
591.998	3836.15
594.176	3817.69
596.356	3788.26
598.533	3905.69
600.71	3541.28
602.886	3571.08
605.064	3703.74
607.239	3233.44
609.414	3590
611.59	3541.6
613.764	3531.82
615.937	3711.58
618.11	3575.99
620.284	3715.51
622.455	3668.41
624.626	3742.77
626.797	3531.75
628.969	3709.85
631.138	3516.98
633.307	3543.63
635.476	3560.11
637.646	3665.64
639.813	3476.3
641.98	3879.39
644.146	3591.76
646.314	3732.04
648.48	3773.27
650.645	3655.23
652.809	3676.65
654.973	3534.08
657.138	3715.75
659.301	3688.71
661.463	3719.94
663.625	3698.86
665.788	3727.26
667.949	4049.63
670.109	3793.73
672.269	3864.78
674.428	3756.26
676.586	3617.8
678.747	3490.41
680.904	3881.37
683.061	3719.9
685.218	3737.58
687.374	3877.99
689.53	3873.13
691.687	3555.22
693.841	3715.97
695.995	3480.33
698.149	3613.25
700.302	3890.64
702.454	3679.02
704.608	3634.83
706.76	3729.22
708.911	3765.55
711.061	3725.97
713.211	3939.45
715.36	3890.64
717.509	3995.73
719.658	3963.82
721.806	4076.49
723.955	4107.87
726.102	4095.69
728.248	4162.1
730.394	4183.88
732.539	4314.74
734.684	4035.98
736.829	3761.3
738.972	3895.88
741.116	3931.68
743.259	3972.23
745.403	3683.08
747.545	3738.59
749.686	3945.33
751.827	3698.31
753.967	3722.81
756.107	4146.88
758.246	3895.62
760.385	3896.22
762.523	3851.14
764.661	4029.14
766.798	4216.14
768.935	3946.99
771.071	4061.73
773.206	3948.35
775.342	4185.1
777.476	4172.53
779.61	4363.29
781.744	4573.76
783.877	4597.85
786.01	4575.71
788.142	4524.54
790.274	4337.99
792.405	4360.78
794.536	4118.07
796.666	4178.27
798.795	4272.24
800.924	4138.62
803.053	4461.38
805.181	4107.92
807.309	4362.46
809.436	4465.68
811.563	4300.26
813.689	4226.01
815.814	4225.28
817.939	4191.15
820.064	4162.08
822.188	4248.91
824.312	4459.31
826.435	4199.45
828.557	4338.4
830.68	4234.55
832.801	4220.21
834.922	4306.42
837.041	4316.67
839.161	4363.11
841.281	4382.02
843.4	4292.52
845.518	4361.2
847.636	4348.62
849.754	4488.67
851.871	4344.44
853.988	4573.4
856.104	4662.17
858.219	4415.1
860.332	4409.39
862.447	4246.69
864.561	4100.89
866.675	4214.63
868.788	4143.71
870.9	4136.85
873.013	4211.06
875.124	4225.55
877.233	4368.82
879.344	4256.43
881.454	4254.64
883.564	4220.73
885.673	4230.46
887.781	4288.37
889.89	4265.36
891.995	4468.15
894.102	4317.81
896.209	4362.65
898.315	4430.64
900.421	4406.98
902.526	4697.76
904.629	4666.25
906.733	4684.34
908.836	4424.82
910.94	4670.29
913.042	4531.17
915.143	4432.41
917.244	4536.74
919.345	4364.57
921.446	4352.15
923.546	4355.89
925.644	4345.27
927.743	4241.97
929.842	4357.34
931.94	4131.78
934.036	4178.72
936.133	4402.1
938.23	4220.38
940.326	4394.09
942.422	4480.71
944.516	4149.33
946.61	4227.31
948.705	4317.79
950.797	4021.76
952.89	4192.42
954.983	4248.77
957.075	4253.9
959.165	4172.66
961.256	4261.9
963.347	4345.1
965.438	4289.4
967.526	4334.96
969.615	4290.17
971.704	4451.36
973.79	4375.56
975.878	4522.35
977.966	4229.73
980.053	4383.2
982.137	4331.87
984.223	4284.57
986.309	4349.99
988.392	4231.51
990.476	4281.21
992.56	4265.43
994.642	4408.91
996.725	4522.42
998.807	4622.74
1000.89	4486.97
1002.97	5011.44
1005.05	4944.75
1007.13	4841.99
1009.21	4637.38
1011.29	4628.5
1013.37	4389.55
1015.44	4329.26
1017.52	4321.23
1019.6	4453.07
1021.68	4400.09
1023.75	4386.7
1025.83	4165.84
1027.9	4254.02
1029.98	4348.45
1032.05	4414.17
1034.12	4448.9
1036.2	4406.25
1038.27	4394.01
1040.34	4397.33
1042.41	4461.64
1044.48	4414.19
1046.55	4456.38
1048.62	4268.56
1050.69	4207.04
1052.76	4520.38
1054.83	4492.79
1056.9	4632.29
1058.97	4504.57
1061.04	4625.29
1063.1	4751.88
1065.17	4635.33
1067.23	4768.16
1069.3	4575.92
1071.36	4690.31
1073.43	4806.39
1075.49	4507.93
1077.55	4859.61
1079.62	4869.06
1081.68	4901.82
1083.74	4924.24
1085.8	4805.26
1087.86	4727.99
1089.92	4891.94
1091.98	4829.06
1094.04	4941.22
1096.1	4806.77
1098.16	4986.67
1100.22	5287.53
1102.28	5177.4
1104.33	5120.66
1106.39	4948.28
1108.44	4930.16
1110.5	4897.52
1112.55	4640.88
1114.61	4669.34
1116.66	4597.54
1118.72	4675.56
1120.77	4751.19
1122.82	4703.04
1124.88	4487.76
1126.93	4846.35
1128.98	4824.46
1131.03	4710.65
1133.08	4565.49
1135.13	4351.64
1137.18	4335.19
1139.23	4484.89
1141.28	4206.74
1143.32	4242.2
1145.37	4255.84
1147.42	4419.19
1149.46	4128.3
1151.51	4191.01
1153.55	4330.35
1155.6	4376.42
1157.64	4456.69
1159.69	4595.63
1161.73	4428.86
1163.77	4461.54
1165.82	4599.3
1167.86	4458.82
1169.9	4505.01
1171.94	4490.45
1173.98	4388.13
1176.02	4579.29
1178.06	4395.05
1180.1	4418.34
1182.14	4421.84
1184.18	4360.94
1186.22	4310.53
1188.25	4267.84
1190.29	4242.17
1192.33	4256.13
1194.36	4201.32
1196.4	4290.59
1198.43	4458.47
1200.47	4465.43
1202.5	4514.91
1204.53	4397.28
1206.57	4744.78
1208.6	4678.28
1210.63	4524.81
1212.66	4531.36
1214.69	4746.62
1216.72	4661.28
1218.75	4596.53
1220.78	4815.25
1222.81	4867.69
1224.84	4988.75
1226.87	5146.86
1228.9	5224.08
1230.92	5259.11
1232.95	5389.84
1234.98	5422.82
1237	5224.14
1239.03	5419.08
1241.05	5173.08
1243.08	5318.28
1245.1	5421.72
1247.12	5492.92
1249.15	5501.83
1251.17	5541.36
1253.19	5375.95
1255.21	5406.21
1257.23	5449.48
1259.25	5574.18
1261.27	5372.24
1263.29	5373.19
1265.31	5331.06
1267.33	5364.31
1269.35	5011.98
1271.37	5041.09
1273.39	5092.21
1275.4	4923.89
1277.42	5170.68
1279.43	5054.51
1281.45	4937.01
1283.46	5093.23
1285.48	5208.02
1287.49	5417.29
1289.51	5281.82
1291.52	5386.17
1293.53	5599.75
1295.54	5632.49
1297.55	5700.86
1299.57	5601.87
1301.58	5608.72
1303.59	5534.39
1305.6	5715.81
1307.61	5749.91
1309.61	6047.86
1311.62	5664.57
1313.63	6021.05
1315.64	5930.52
1317.65	5960.58
1319.65	5852.67
1321.66	5769.39
1323.66	5912.17
1325.67	6081.46
1327.67	5844.76
1329.68	5903.38
1331.68	5852.62
1333.68	5875.9
1335.69	6102.03
1337.69	6170.19
1339.69	6016.12
1341.69	5968.8
1343.69	5819.25
1345.69	5951.99
1347.69	5907.48
1349.69	5773.83
1351.69	6066.28
1353.69	5790.71
1355.69	5511.41
1357.69	5575.72
1359.68	5958.57
1361.68	5462.08
1363.68	5397.19
1365.67	5516.5
1367.67	5575.53
1369.66	5571.16
1371.66	5593.86
1373.65	5790.23
1375.64	5703.87
1377.64	5726.41
1379.63	5658.67
1381.62	5555.26
1383.61	5661.94
1385.6	5366.51
1387.59	5218.56
1389.58	5504.44
1391.57	5454.75
1393.56	5367.2
1395.55	5349.1
1397.54	5349.77
1399.53	5210.76
1401.52	5169.42
1403.5	5359.96
1405.49	5497.07
1407.47	5236.85
1409.46	5251.87
1411.45	4996.55
1413.43	5140.06
1415.42	5014.44
1417.4	4949.84
1419.38	4770.4
1421.36	5062.25
1423.35	4961.71
1425.33	5010.42
1427.31	4946.19
1429.29	4974.57
1431.27	4873.34
1433.25	4896.51
1435.23	5046.71
1437.21	5261.84
1439.19	5462.2
1441.17	5430.04
1443.14	5504.51
1445.12	5624.99
1447.1	5431.2
1449.07	5697.96
1451.05	6016.86
1453.03	5886.41
1455	5865.79
1456.98	5967.35
1458.95	5720.75
1460.92	5641.86
1462.9	5508.82
1464.87	5537.63
1466.84	5679.81
1468.81	5732.01
1470.78	5636.77
1472.76	5469.31
1474.73	5347.81
1476.7	5252.67
1478.67	5220.85
1480.63	5154.72
1482.6	5200.34
1484.57	5120.53
1486.54	5058.91
1488.51	5044.39
1490.47	4859.76
1492.44	4552.12
1494.41	4473.77
1496.37	4303.51
1498.34	4445.57
1500.3	4317.71
1502.27	4359.98
1504.23	4306.28
1506.19	4216.11
1508.16	4302.23
1510.12	4136.11
1512.08	4138.06
1514.04	4217.73
1516	4159.69
1517.96	4106.73
1519.92	4216.44
1521.88	4270.71
1523.84	3912.16
1525.8	4244.41
1527.76	4127.47
1529.72	4144.64
1531.67	4155.4
1533.63	4107.89
1535.59	4058.5
1537.54	4311.91
1539.5	4032.8
1541.45	4071.01
1543.41	4062.19
1545.36	4131.52
1547.32	4267.99
1549.27	4070.62
1551.22	4415.31
1553.17	4362.24
1555.13	4202.48
1557.08	4232.97
1559.03	4362.3
1560.98	4347.91
1562.93	4274.3
1564.88	4456.82
1566.83	4452.64
1568.78	4708.55
1570.72	4695.89
1572.67	4646.51
1574.62	4754.39
1576.57	4888.53
1578.51	4603.25
1580.46	4764.15
1582.41	4798.69
1584.35	4540.58
1586.3	4674.18
1588.24	4569.4
1590.18	4506.5
1592.13	4480.4
1594.07	4269.49
1596.01	4523.64
1597.95	4518.36
1599.9	4449.33
1601.84	4347.96
1603.78	4410.96
1605.72	4460.79
1607.66	4651.71
1609.6	4604.77
1611.54	4480.04
1613.48	4459.5
1615.41	4530.24
1617.35	4575.94
1619.29	4550.12
1621.23	4536.17
1623.16	4529.72
1625.1	4571.81
1627.03	4364.44
1628.97	4444.09
1630.9	4488.54
1632.84	4376.66
1634.77	4389.57
1636.7	4471.61
1638.64	4474.8
1640.57	4494.84
1642.5	4592.81
1644.43	4701.81
1646.36	4533.28
1648.29	5019.64
1650.22	4881.31
1652.15	5042.63
1654.08	5134.51
1656.01	5167.49
1657.94	5159.24
1659.87	5272.37
1661.79	5023.89
1663.72	5131.28
1665.65	5244.93
1667.58	4994.57
1669.5	5192.13
1671.42	5224.05
1673.35	4772.99
1675.27	4993.54
1677.2	5037.75
1679.12	4960.08
1681.04	4887.8
1682.97	4830.88
1684.89	4512.48
1686.81	4640.61
1688.73	4675.74
1690.65	4461.88
1692.57	4658.36
1694.49	4708.29
1696.41	4322.85
1698.33	4241.5
1700.25	4167.23
1702.17	4153.03
1704.09	4121.74
1706.01	3963.22
1707.92	3803
1709.84	3915.56
1711.75	3958.88
1713.67	4011.96
1715.59	3786.06
1717.5	3855.07
1719.41	3675.64
1721.33	3737.28
1723.24	3814.83
1725.15	3884.41
1727.07	3778.28
1728.98	3810.44
1730.89	3782.73
1732.8	3664.63
1734.71	3813.88
1736.62	3666.01
1738.53	3801.73
1740.44	3737.31
1742.35	3593.64
1744.26	3668.86
1746.17	3573.03
1748.08	3673.47
1749.98	3700.57
1751.89	3587.98
1753.8	3874.68
1755.7	3587.71
1757.61	3682.66
1759.51	3701.24
1761.42	3637.11
1763.32	3587.27
1765.23	3708.23
1767.13	3530.28
1769.03	3521
1770.94	3601.87
1772.84	3434.08
1774.74	3499.63
1776.64	3741.17
1778.54	3588.01
1780.44	3697.97
1782.34	3546.53
1784.24	3582.84
1786.14	3531.11
1788.04	3490.42
1789.94	3443.39
1791.84	3588.17
1793.73	3645.72
1795.63	3680.33
1797.53	3575.41
1799.42	3550.41
1801.32	3465.6
1803.21	3722.75
1805.11	3680.98
1807	3519.96
1808.9	3630.65
1810.79	3527.26
1812.68	3735.79
1814.58	3506.86
1816.47	3595.43
1818.36	3678.52
1820.25	3616.47
1822.14	3515.44
1824.03	3694.11
1825.92	3579.31
1827.81	3727.85
1829.7	3663.84
1831.59	3604.42
1833.48	3725.46
1835.37	3659
1837.26	3709.49
1839.14	3450.6
1841.03	3389.34
1842.92	3407.6
1844.8	3525.34
1846.69	3578.48
1848.57	3682.25
1850.46	3566.32
1852.34	3576.2
1854.22	3682.53
1856.11	3465.09
1857.99	3595.69
1859.87	3424.02
1861.75	3625.8
1863.64	3453.21
1865.52	3540.78
1867.4	3589.01
1869.28	3481.1
1871.16	3584.16
1873.04	3520.49
1874.92	3412.59
1876.79	3445.99
1878.67	3622.31
1880.55	3575.61
1882.43	3495
1884.31	3544.49
1886.18	3601.03
1888.06	3561.72
1889.93	3427.35
1891.81	3632.64
1893.68	3505.05
1895.56	3693.16
1897.43	3369.09
1899.3	3607.17
1901.18	3616.39
1903.05	3785.66
1904.92	3695.66
1906.79	3625.28
1908.67	3744.78
1910.54	3380.83
1912.41	3707.17
1914.28	3646.59
1916.15	3655.57
1918.02	3676.01
1919.89	3426.24
1921.75	3545.95
1923.62	3414.43
1925.49	3629.35
1927.36	3710.95
1929.22	3597.76
1931.09	3499.61
1932.96	3557.61
1934.82	3534.32
1936.69	3458.19
1938.55	3545.03
1940.41	3586.34
1942.28	3606.87
1944.14	3646.77
1946.01	3487.29
1947.87	3586.24
1949.73	3670.34
1951.59	3356.74
1953.45	3622.99
1955.31	3616.03
1957.18	3584.49
1959.03	3416.6
1960.89	3634.77
1962.75	3461.25
1964.61	3563.21
1966.47	3536.62
1968.33	3492.87
1970.19	3545.68
1972.04	3430.67
1973.9	3459.57
1975.76	3535.52
1977.61	3731.89
1979.47	3760.03
1981.32	3600.15
1983.18	3461.89
1985.03	3583.74
1986.89	3693.18
1988.74	3669.33
1990.59	3604.72
1992.45	3679.15
1994.3	3509.09
1996.15	3535.18
1998	3684.62
1999.85	3666.29
2001.7	3582.22
2003.55	3640.85
2005.4	3778.34
2007.25	3618.62
2009.1	3588.64
2010.95	3502.19
2012.8	3640.86
2014.64	3545.94
2016.49	3636.37
2018.34	3574.79
2020.18	3633.34
2022.03	3830.05
2023.87	3662.13
2025.72	3594.27
2027.56	3664
2029.41	3577.44
2031.25	3664.5
2033.1	3512.73
2034.94	3578.33
2036.78	3761.67
2038.62	3499.94
2040.47	3538.73
2042.31	3709.35
2044.15	3583.04
2045.99	3735.95
2047.83	3605.86
2049.67	3606.24
2051.51	3647.64
2053.35	3573.45
2055.18	3472.39
2057.02	3638.45
2058.86	3586.43
2060.7	3523.45
2062.54	3832.93
2064.37	3545.01
2066.21	3664.43
2068.04	3539.43
2069.88	3554.58
2071.71	3708.28
2073.55	3666.71
2075.38	3693.76
2077.22	3580.84
2079.05	3620.79
2080.88	3784.83
2082.71	3438.46
2084.55	3590.41
2086.38	3605.51
2088.21	3636.73
2090.04	3682.84
2091.87	3561.97
2093.7	3734.67
2095.53	3683.61
2097.36	3565.46
2099.19	3815.78
2101.01	3653.56
2102.84	3656.79
2104.67	3707.8
2106.5	3490.78
2108.32	3683.4
2110.15	3590.4
2111.98	3590.08
2113.8	3713.17
2115.63	3648.76
2117.45	3618.5
2119.28	3539.81
2121.1	3624.57
2122.92	3739.75
2124.75	3792.47
2126.57	3614.32
2128.39	3512.74
2130.21	3616.92
2132.03	3544.17
2133.85	3631.1
2135.67	3621.31
2137.49	3598.35
2139.32	3780.55
2141.13	3648.85
2142.95	3742.86
2144.77	3613.74
2146.59	3646.53
2148.41	3619.61
2150.22	3618.34
2152.04	3616.42
2153.86	3586.11
2155.67	3513.68
2157.49	3580.23
2159.31	3792.99
2161.12	3657.61
2162.93	3598.38
2164.75	3711.57
2166.56	3687.99
2168.38	3711.35
2170.19	3789.6
2172	3589.85
2173.81	3594.92
2175.62	3803.47
2177.44	3675.7
2179.25	3620.82
2181.06	3577.65
2182.87	3532.14
2184.68	3617.49
2186.49	3541.17
2188.3	3542.85
2190.1	3668.06
2191.91	3581.38
2193.72	3540.68
2195.53	3554.73
2197.33	3569.71
2199.14	3751.25
2200.95	3579.32
2202.75	3697.25
2204.56	3654.86
2206.36	3603.43
2208.17	3530.31
2209.97	3661.21
2211.77	3653.21
2213.58	3431.71
2215.38	3638
2217.18	3656.07
2218.99	3694.33
2220.79	3729.75
2222.59	3717.19
2224.39	3541.46
2226.19	3735.59
2227.99	3729.88
2229.79	3688.12
2231.59	3519.31
2233.39	3638.76
2235.18	3762.5
2236.98	3802.3
2238.78	3613.1
2240.58	3680.89
2242.38	3793.81
2244.17	3597.7
2245.97	3576.93
2247.76	3624.46
2249.56	3718.22
2251.35	3544.86
2253.15	3898.67
2254.94	3714.6
2256.74	3543.27
2258.53	3680.56
2260.32	3440.63
2262.11	3584.86
2263.91	3658.92
2265.7	3559.8
2267.49	3738.99
2269.28	3673.45
2271.07	3631.99
2272.86	3561.21
2274.65	3520.53
2276.44	3818.48
2278.23	3599.45
2280.02	3569.04
2281.81	3561.03
2283.59	3570.74
2285.38	3491.01
2287.17	3605.84
2288.95	3671.82
2290.74	3630.82
2292.53	3610.7
2294.31	3611.35
2296.1	3586.06
2297.88	3597.35
2299.67	3594.58
2301.45	3621.51
2303.23	3700.24
2305.02	3627.03
2306.8	3710.74
2308.58	3616.07
2310.36	3632.4
2312.14	3663.12
2313.93	3668.91
2315.71	3524.47
2317.49	3669.25
2319.27	3678.08
2321.05	3566.11
2322.83	3537.3
2324.6	3712.66
2326.38	3785.18
2328.16	3690.35
2329.94	3877.82
2331.71	3696.57
2333.49	3663.85
2335.27	3634.18
2337.04	3571.86
2338.82	3623.78
2340.6	3484.38
2342.37	3781.52
2344.14	3720.5
2345.92	3600.61
2347.69	3610.25
2349.47	3464.8
2351.24	3496.2
2353.01	3569.11
2354.78	3658.96
2356.55	3627.56
2358.33	3684.14
2360.1	3707.94
2361.87	3631.36
2363.64	3566.66
2365.41	3564.96
2367.18	3590.21
2368.95	3604.72
2370.71	3636.28
2372.48	3681.68
2374.25	3714.08
2376.02	3496.86
2377.78	3626.89
2379.55	3542.25
2381.32	3666.47
2383.08	3595.78
2384.85	3699.3
2386.61	3553.54
2388.38	3696.14
2390.14	3737.31
2391.91	3715.59
2393.67	3492.26
2395.43	3595.75
2397.2	3520.45
2398.96	3580.75
2400.72	3571.5
2402.48	3634.58
2404.24	3634.22
2406	3681.13
2407.77	3599.3
2409.53	3641.81
2411.29	3627.67
2413.04	3643.29
2414.8	3758.91
2416.56	3757.77
2418.32	3716.84
2420.08	3747.51
2421.83	3803.17
2423.59	3667.28
2425.35	3769.26
2427.1	3673.51
2428.86	3578.16
2430.62	3780.33
2432.37	3758.31
2434.13	3560.36
2435.88	3700.87
2437.63	3581.55
2439.39	3584.72
2441.14	3756.82
2442.89	3589.62
2444.65	3706.68
2446.4	3726.62
2448.15	3815.93
2449.9	3681.54
2451.65	3644.27
2453.4	3703.72
2455.15	3573.69
2456.9	3661.89
2458.65	3620.73
2460.4	3767.82
2462.15	3575.73
2463.9	3808.79
2465.65	3645.26
2467.39	3708.52
2469.14	3665.9
2470.89	3736.74
2472.63	3575.09
2474.38	3564.31
2476.12	3660.24
2477.87	3662.4
2479.61	3748.96
2481.36	3563.44
2483.1	3673.06
2484.85	3632.77
2486.59	3622.24
2488.33	3853.97
2490.08	3840.74
2491.82	3750.6
2493.56	3641.56
2495.3	3868.26
2497.04	3770.19
2498.78	3685.46
2500.52	3828.15
2502.26	3916.09
2504	3613.22
2505.74	3820.26
2507.48	3888.47
2509.22	3708.65
2510.96	3699.15
2512.69	3657.41
2514.43	3687.66
2516.17	3683
2517.9	3670.06
2519.64	3756.22
2521.38	3769.55
2523.11	3759.12
2524.85	3692.5
2526.58	3639.46
2528.31	3723.84
2530.05	3945
2531.78	3780.16
2533.51	3857.13
2535.25	3769.56
2536.98	3831.81
2538.71	3762.78
2540.44	3859.28
2542.17	3676.97
2543.9	3733.47
2545.64	3748.84
2547.37	3796.42
2549.09	3851.62
2550.82	3693.03
2552.55	3692.43
2554.28	3819.41
2556.01	3711.69
2557.74	3733.4
2559.46	3824.8
2561.19	3839.08
2562.92	3784.35
2564.64	3685.11
2566.37	3813.82
2568.1	3702.16
2569.82	3865.95
2571.55	3801.45
2573.27	3700.19
2575	3761.23
2576.72	3652
2578.44	3671.96
2580.17	3775.39
2581.89	3798.28
2583.61	3766.24
2585.33	3826.89
2587.05	3646.22
2588.77	3828.29
2590.49	3634.89
2592.21	3934.94
2593.94	3805.83
2595.65	3723.69
2597.37	3838.21
2599.09	3709.29
2600.81	3791.71
2602.53	3882.65
2604.25	3776.51
2605.96	3967.46
2607.68	3900.24
2609.4	3975.89
2611.11	3808.22
2612.83	3877.15
2614.54	3934.63
2616.26	3872.79
2617.97	3781.23
2619.69	3915.88
2621.4	3856.53
2623.12	3976.49
2624.83	3918.52
2626.54	3852.92
2628.25	3849.93
2629.97	3885.25
2631.68	3758.82
2633.39	3929.88
2635.1	3999.51
2636.81	3714.51
2638.52	4016.67
2640.23	4008.71
2641.94	3975.84
2643.65	3998.1
2645.36	3719.81
2647.07	3897.91
2648.78	3920.7
2650.49	3905.31
2652.19	3991.21
2653.9	3939.24
2655.61	3976.75
2657.31	3848.26
2659.02	4021.37
2660.72	3887.02
2662.43	3991.91
2664.13	3979.12
2665.84	3940.88
2667.54	3901.05
2669.24	3914.01
2670.95	4039.78
2672.65	3943.44
2674.35	3928.25
2676.06	3833.27
2677.76	3789.71
2679.46	3925.79
2681.16	3869.6
2682.86	3956.83
2684.56	3850.47
2686.26	4052.77
2687.96	3938.69
2689.66	3906.12
2691.36	4081.63
2693.06	4018.16
2694.76	3913.81
2696.45	3925.32
2698.15	4197.98
2699.85	4113.05
2701.54	3988.33
2703.24	3973.91
2704.94	4161.63
2706.63	4012.11
2708.33	3954.84
2710.02	4081.28
2711.72	4189.78
2713.41	4055.65
2715.11	3998.26
2716.8	4303.19
2718.49	3990.03
2720.18	4240.77
2721.88	4205.32
2723.57	4319.94
2725.26	4115.91
2726.95	4248.82
2728.64	4127.81
2730.33	4055.47
2732.02	4210.5
2733.71	3998.65
2735.4	4212.74
2737.09	4183.61
2738.78	4050.33
2740.47	4313.18
2742.16	4247.65
2743.84	4150.33
2745.53	4256.39
2747.22	4210.35
2748.9	4237.07
2750.59	4215.76
2752.28	4154.28
2753.96	4256.75
2755.65	4058.46
2757.33	4287.05
2759.02	4167.28
2760.7	4134.73
2762.38	4049.72
2764.07	4121.48
2765.75	3990.89
2767.43	4281.69
2769.11	4061.13
2770.8	4232.55
2772.48	4321.06
2774.16	4103.93
2775.84	4113.28
2777.52	4175.79
2779.2	4309.3
2780.88	4171.83
2782.56	4020.2
2784.24	3974.43
2785.92	4067.49
2787.59	4056.27
2789.27	4032.55
2790.95	4104.98
2792.63	3998.15
2794.3	3959.15
2795.98	4133.51
2797.66	4135.26
2799.33	4132.27
2801.01	4103.69
2802.68	3995.11
2804.36	4065.25
2806.03	4226.22
2807.7	4137.85
2809.38	4047.66
2811.05	4176.79
2812.72	4049.47
2814.4	4075.64
2816.07	4149.19
2817.74	4245.49
2819.41	4245.49
2821.08	4188.52
2822.75	4156.29
2824.43	4317.74
2826.09	4179.36
2827.76	4401.47
2829.43	4437.75
2831.1	4322.79
2832.77	4324.72
2834.44	4334.76
2836.11	4290.26
2837.77	4531.5
2839.44	4676.15
2841.11	4675.05
2842.78	4782.06
2844.44	5067.12
2846.11	5463.24
2847.77	5390.24
2849.44	5715.49
2851.1	5538.28
2852.77	5740.56
2854.43	5927.76
2856.09	6045.29
2857.76	5876.93
2859.42	5833.77
2861.08	6050.61
2862.74	6102.07
2864.41	6357.67
2866.07	6307.42
2867.73	6766.09
2869.39	6968.94
2871.05	6956.52
2872.71	7349.65
2874.37	7605.11
2876.03	7374.55
2877.69	7717.72
2879.35	7758.81
2881	7802.31
2882.66	7890.78
2884.32	7933.02
2885.98	8101.08
2887.63	8074.45
2889.29	8144.28
2890.95	7957.96
2892.6	8121.19
2894.26	8193.56
2895.91	8122.58
2897.57	8192.34
2899.22	8268.55
2900.88	8343.36
2902.53	8443.93
2904.18	8424.74
2905.84	8359.1
2907.49	8559.55
2909.14	8555.49
2910.79	8837.98
2912.45	8942.97
2914.1	9212.06
2915.75	9354.41
2917.4	9236.04
2919.05	9344.04
2920.7	9562.26
2922.35	9892.23
2924	9720.88
2925.65	9923.4
2927.29	10108.8
2928.94	10334
2930.59	10454.4
2932.24	10472.6
2933.88	10648.2
2935.53	10632.1
2937.18	10534
2938.82	10737.1
2940.47	10852.8
2942.11	10790.6
2943.76	10795.1
2945.4	10396.3
2947.05	10232.8
2948.69	9970.53
2950.34	9602.3
2951.98	9515.34
2953.62	9080.99
2955.26	8869.52
2956.91	8878.82
2958.55	8687.2
2960.19	8626.19
2961.83	8565.52
2963.47	8355.02
2965.11	8406.33
2966.75	8137.22
2968.39	8213.8
2970.03	8228.35
2971.67	8072.19
2973.31	8007.28
2974.95	7849.24
2976.58	7826.63
2978.22	7769.98
2979.86	7700.21
2981.5	7595.45
2983.13	7354.74
2984.77	7220.88
2986.4	7133.11
2988.04	6924.74
2989.68	7001.88
2991.31	6967.7
2992.95	6796.14
2994.58	6624.2
2996.21	6539.79
2997.85	6331.03
2999.48	6116.45
3001.11	5904.38
3002.74	6011.97
3004.38	5858.15
3006.01	5713.35
3007.64	5698.12
3009.27	5547.21
3010.9	5421.76
3012.53	5282.81
3014.16	5165.33
3015.79	5103.52
3017.42	5023.67
3019.05	5114.36
3020.68	4704.61
3022.31	4957.47
3023.94	4678.24
3025.56	4737.8
3027.19	4828.41
3028.82	4693.37
3030.44	4706.48
3032.07	4529.91
3033.7	4400.89
3035.32	4362.21
3036.95	4533.06
3038.57	4649.94
3040.2	4366.12
3041.82	4493.85
3043.44	4591.05
3045.07	4526.88
3046.69	4565.34
3048.31	4348.36
3049.94	4395.07
3051.56	4478.71
3053.18	4598.67
3054.8	4665.21
3056.42	4659.39
3058.04	4558.09
3059.66	4630.14
3061.28	4646.33
3062.9	4551.61
3064.52	4824.21
3066.14	4706.32
3067.76	4546.65
3069.38	4585.87
3071	4689.9
3072.62	4589
3074.23	4498.03
3075.85	4400.5
3077.47	4519.36
3079.08	4320.98
3080.7	4418.31
3082.32	4543.67
3083.93	4469.68
3085.54	4227.25
3087.16	4306.37
3088.77	4333.53
3090.39	4130.7
3092	4361.54
3093.61	4181.83
3095.23	4236.86
3096.84	4219.51
3098.45	4252.67
3100.06	4322.34
3101.68	4558.18
3103.29	4410.59
3104.9	4160.28
3106.51	4173.89
3108.12	4228.9
3109.73	4133.64
3111.34	4183.07
3112.95	4173.63
3114.56	4009.67
3116.17	4171.59
3117.77	4147.55
3119.38	4289.48
3120.99	4269.94
3122.6	4084.27
3124.2	4264.77
3125.81	4293.09
3127.42	4258.66
3129.02	4085.05
3130.63	4104.41
3132.23	4162.78
3133.84	4312.23
3135.44	4279.45
3137.05	4024.63
3138.65	4055.54
3140.25	4129.53
3141.86	4070.6
3143.46	4308.96
3145.06	4352.19
3146.66	4144.43
3148.27	4189.34
3149.87	4157.86
3151.47	4234.4
3153.07	4145.8
3154.67	4198.97
3156.27	4279.8
3157.87	4122.29
3159.47	4139.64
3161.07	4178.81
3162.67	4157.35
3164.27	4181.27
3165.86	4178.69
3167.46	4180.46
3169.06	4207.53
3170.66	4202.22
3172.25	4265.99
3173.85	4133.7
3175.45	4273.54
3177.04	4165.27
3178.64	4212.58
3180.23	4232.78
3181.83	4210.72
3183.42	4314.64
3185.02	4350.61
3186.61	4249.88
3188.2	4301.48
3189.8	4315.34
3191.39	4401.48
3192.98	4354
3194.57	4143.52
3196.17	4265.21
3197.76	4303.4
3199.35	4295.33
3200.94	4215.43
3202.53	4383.45
3204.12	4423.22
3205.71	4429.32
3207.3	4361.58
3208.89	4427.32
3210.48	4439.94
3212.07	4328.65
3213.65	4271.59
3215.24	4386.57
3216.83	4233.27
3218.42	4368.12
3220	4283.91
3221.59	4526.76
3223.18	4348.06
3224.76	4485.16
3226.35	4348.55
3227.93	4357.01
3229.52	4321.68
3231.1	4252.63
3232.69	4293.28
3234.27	4422.76
3235.85	4263.23
3237.44	4385.87
3239.02	4319.06
3240.6	4267.35
3242.19	4376.44
3243.77	4304.38
3245.35	4590.7
3246.93	4333.43
3248.51	4563.2
3250.09	4340.08
3251.67	4475.94
3253.25	4733.42
3254.83	4588.48
3256.41	4652.07
3257.99	4407.73
3259.57	4415.37
3261.15	4515.04
3262.72	4441.8
3264.3	4577.06
3265.88	4459.25
3267.46	4473.17
3269.03	4532.02
3270.61	4529.08
3272.19	4643.51
3273.76	4603.88
3275.34	4638.24
3276.91	4530.32
3278.48	4508.8
3280.06	4485.43
3281.63	4594.44
3283.21	4723.82
3284.78	4511.26
3286.35	4415.12
3287.93	4555.77
3289.5	4561
3291.07	4548.47
3292.64	4580.77
3294.21	4502.81
3295.78	4552.4
3297.36	4667.45
3298.93	4521.37
3300.5	4627.39
3302.07	4792.6
3303.64	4526.76
3305.2	4581.52
3306.77	4692.45
3308.34	4735.09
3309.91	4507.82
3311.48	4600.84
3313.04	4671.36
3314.61	4487.55
3316.18	4629.39
3317.75	4617.81
3319.31	4550.2
3320.88	4623.12
3322.44	4485.45
3324.01	4566.93
3325.57	4509.83
3327.14	4663.79
3328.7	4551.65
3330.27	4702.37
3331.83	4789.98
